5.000000000000000e-09 1.016132903294247e+00
1.000000000000000e-08 1.009191172506371e+00
1.500000000000000e-08 9.994812944032127e-01
2.000000000000000e-08 9.926458811209788e-01
2.500000000000000e-08 9.895522693594822e-01
3.000000000000000e-08 9.887974998467930e-01
3.500000000000000e-08 9.898807387319755e-01
4.000000000000000e-08 9.923603802401634e-01
4.500000000000000e-08 9.969227119810586e-01
5.000000000000000e-08 1.002604454674013e+00
5.500000000000000e-08 1.008750600414756e+00
6.000000000000001e-08 1.013366902558268e+00
6.500000000000001e-08 1.013674637610204e+00
7.000000000000000e-08 1.008351291046349e+00
7.500000000000001e-08 9.996719818569615e-01
8.000000000000000e-08 9.934019648217508e-01
8.500000000000001e-08 9.902685592640214e-01
9.000000000000001e-08 9.891020847660154e-01
9.500000000000000e-08 9.898573276219954e-01
1.000000000000000e-07 9.920750914899640e-01
1.050000000000000e-07 9.959005626342302e-01
1.100000000000000e-07 1.001081185228634e+00
1.150000000000000e-07 1.006631831391521e+00
1.200000000000000e-07 1.011204761066580e+00
1.250000000000000e-07 1.012764720108288e+00
1.300000000000000e-07 1.009747956944914e+00
1.350000000000000e-07 1.002835090704960e+00
1.400000000000000e-07 9.958623500467308e-01
1.450000000000000e-07 9.916377663401433e-01
1.500000000000000e-07 9.900672333081658e-01
1.550000000000000e-07 9.903200484688884e-01
1.600000000000000e-07 9.920841684336091e-01
1.650000000000000e-07 9.954669576100140e-01
1.700000000000000e-07 9.996677772758957e-01
1.750000000000000e-07 1.004764884225024e+00
1.800000000000000e-07 1.009135362939982e+00
1.850000000000000e-07 1.011514353092988e+00
1.900000000000000e-07 1.010108156718801e+00
1.950000000000000e-07 1.004821283836607e+00
2.000000000000000e-07 9.984447741968681e-01
2.050000000000000e-07 9.932517816559560e-01
2.100000000000000e-07 9.907433441405527e-01
2.150000000000000e-07 9.908371766163243e-01
2.200000000000000e-07 9.921056076173291e-01
2.250000000000000e-07 9.945842693600313e-01
2.300000000000000e-07 9.984546155131537e-01
2.350000000000000e-07 1.002914433237206e+00
2.400000000000000e-07 1.007200489244392e+00
2.450000000000000e-07 1.009739486280549e+00
2.500000000000000e-07 1.010017824153088e+00
