0.000000000000000000e+00 0.000000000000000000e+00
1.998001998001997931e-11 0.000000000000000000e+00
3.996003996003995862e-11 0.000000000000000000e+00
5.994005994005994439e-11 0.000000000000000000e+00
7.992007992007991723e-11 0.000000000000000000e+00
9.990009990009989008e-11 0.000000000000000000e+00
1.198801198801198888e-10 0.000000000000000000e+00
1.398601398601398616e-10 0.000000000000000000e+00
1.598401598401598345e-10 0.000000000000000000e+00
1.798201798201798073e-10 0.000000000000000000e+00
1.998001998001997802e-10 0.000000000000000000e+00
2.197802197802197789e-10 0.000000000000000000e+00
2.397602397602397775e-10 0.000000000000000000e+00
2.597402597402597504e-10 0.000000000000000000e+00
2.797202797202797232e-10 0.000000000000000000e+00
2.997002997002996961e-10 0.000000000000000000e+00
3.196803196803196689e-10 0.000000000000000000e+00
3.396603396603396418e-10 0.000000000000000000e+00
3.596403596403596146e-10 0.000000000000000000e+00
3.796203796203795875e-10 0.000000000000000000e+00
3.996003996003995603e-10 0.000000000000000000e+00
4.195804195804195849e-10 0.000000000000000000e+00
4.395604395604395577e-10 0.000000000000000000e+00
4.595404595404595306e-10 0.000000000000000000e+00
4.795204795204795551e-10 0.000000000000000000e+00
4.995004995004994762e-10 0.000000000000000000e+00
5.194805194805195008e-10 0.000000000000000000e+00
5.394605394605394219e-10 0.000000000000000000e+00
5.594405594405594465e-10 0.000000000000000000e+00
5.794205794205793676e-10 0.000000000000000000e+00
5.994005994005993922e-10 0.000000000000000000e+00
6.193806193806193133e-10 0.000000000000000000e+00
6.393606393606393379e-10 0.000000000000000000e+00
6.593406593406593624e-10 0.000000000000000000e+00
6.793206793206792836e-10 0.000000000000000000e+00
6.993006993006993081e-10 0.000000000000000000e+00
7.192807192807192292e-10 0.000000000000000000e+00
7.392607392607392538e-10 0.000000000000000000e+00
7.592407592407591749e-10 0.000000000000000000e+00
7.792207792207791995e-10 0.000000000000000000e+00
7.992007992007991206e-10 0.000000000000000000e+00
8.191808191808191452e-10 0.000000000000000000e+00
8.391608391608391697e-10 0.000000000000000000e+00
8.591408591408590909e-10 0.000000000000000000e+00
8.791208791208791154e-10 0.000000000000000000e+00
8.991008991008990366e-10 0.000000000000000000e+00
9.190809190809190611e-10 0.000000000000000000e+00
9.390609390609389823e-10 0.000000000000000000e+00
9.590409590409591102e-10 0.000000000000000000e+00
9.790209790209790313e-10 0.000000000000000000e+00
9.990009990009989525e-10 0.000000000000000000e+00
1.018981018981018874e-09 0.000000000000000000e+00
1.038961038961039002e-09 0.000000000000000000e+00
1.058941058941058923e-09 0.000000000000000000e+00
1.078921078921078844e-09 0.000000000000000000e+00
1.098901098901098765e-09 0.000000000000000000e+00
1.118881118881118893e-09 0.000000000000000000e+00
1.138861138861138814e-09 0.000000000000000000e+00
1.158841158841158735e-09 0.000000000000000000e+00
1.178821178821178863e-09 0.000000000000000000e+00
1.198801198801198784e-09 0.000000000000000000e+00
1.218781218781218705e-09 0.000000000000000000e+00
1.238761238761238627e-09 0.000000000000000000e+00
1.258741258741258755e-09 0.000000000000000000e+00
1.278721278721278676e-09 0.000000000000000000e+00
1.298701298701298597e-09 0.000000000000000000e+00
1.318681318681318725e-09 0.000000000000000000e+00
1.338661338661338646e-09 0.000000000000000000e+00
1.358641358641358567e-09 0.000000000000000000e+00
1.378621378621378488e-09 0.000000000000000000e+00
1.398601398601398616e-09 0.000000000000000000e+00
1.418581418581418537e-09 0.000000000000000000e+00
1.438561438561438458e-09 0.000000000000000000e+00
1.458541458541458586e-09 0.000000000000000000e+00
1.478521478521478508e-09 0.000000000000000000e+00
1.498501498501498429e-09 0.000000000000000000e+00
1.518481518481518350e-09 0.000000000000000000e+00
1.538461538461538478e-09 0.000000000000000000e+00
1.558441558441558399e-09 0.000000000000000000e+00
1.578421578421578320e-09 0.000000000000000000e+00
1.598401598401598241e-09 0.000000000000000000e+00
1.618381618381618369e-09 0.000000000000000000e+00
1.638361638361638290e-09 0.000000000000000000e+00
1.658341658341658211e-09 0.000000000000000000e+00
1.678321678321678339e-09 0.000000000000000000e+00
1.698301698301698261e-09 0.000000000000000000e+00
1.718281718281718182e-09 0.000000000000000000e+00
1.738261738261738103e-09 0.000000000000000000e+00
1.758241758241758231e-09 0.000000000000000000e+00
1.778221778221778152e-09 0.000000000000000000e+00
1.798201798201798073e-09 0.000000000000000000e+00
1.818181818181818201e-09 0.000000000000000000e+00
1.838161838161838122e-09 0.000000000000000000e+00
1.858141858141858043e-09 0.000000000000000000e+00
1.878121878121877965e-09 0.000000000000000000e+00
1.898101898101898092e-09 0.000000000000000000e+00
1.918081918081918220e-09 0.000000000000000000e+00
1.938061938061937935e-09 0.000000000000000000e+00
1.958041958041958063e-09 0.000000000000000000e+00
1.978021978021977777e-09 0.000000000000000000e+00
1.998001998001997905e-09 0.000000000000000000e+00
2.017982017982018033e-09 0.000000000000000000e+00
2.037962037962037747e-09 0.000000000000000000e+00
2.057942057942057875e-09 0.000000000000000000e+00
2.077922077922078003e-09 0.000000000000000000e+00
2.097902097902097718e-09 0.000000000000000000e+00
2.117882117882117845e-09 0.000000000000000000e+00
2.137862137862137973e-09 0.000000000000000000e+00
2.157842157842157688e-09 0.000000000000000000e+00
2.177822177822177816e-09 0.000000000000000000e+00
2.197802197802197530e-09 0.000000000000000000e+00
2.217782217782217658e-09 0.000000000000000000e+00
2.237762237762237786e-09 0.000000000000000000e+00
2.257742257742257500e-09 0.000000000000000000e+00
2.277722277722277628e-09 0.000000000000000000e+00
2.297702297702297756e-09 0.000000000000000000e+00
2.317682317682317471e-09 0.000000000000000000e+00
2.337662337662337598e-09 0.000000000000000000e+00
2.357642357642357726e-09 0.000000000000000000e+00
2.377622377622377441e-09 0.000000000000000000e+00
2.397602397602397569e-09 0.000000000000000000e+00
2.417582417582417697e-09 0.000000000000000000e+00
2.437562437562437411e-09 0.000000000000000000e+00
2.457542457542457539e-09 0.000000000000000000e+00
2.477522477522477253e-09 0.000000000000000000e+00
2.497502497502497381e-09 0.000000000000000000e+00
2.517482517482517509e-09 0.000000000000000000e+00
2.537462537462537224e-09 0.000000000000000000e+00
2.557442557442557351e-09 0.000000000000000000e+00
2.577422577422577479e-09 0.000000000000000000e+00
2.597402597402597194e-09 0.000000000000000000e+00
2.617382617382617322e-09 0.000000000000000000e+00
2.637362637362637450e-09 0.000000000000000000e+00
2.657342657342657164e-09 0.000000000000000000e+00
2.677322677322677292e-09 0.000000000000000000e+00
2.697302697302697006e-09 0.000000000000000000e+00
2.717282717282717134e-09 0.000000000000000000e+00
2.737262737262737262e-09 0.000000000000000000e+00
2.757242757242756977e-09 0.000000000000000000e+00
2.777222777222777104e-09 0.000000000000000000e+00
2.797202797202797232e-09 0.000000000000000000e+00
2.817182817182816947e-09 0.000000000000000000e+00
2.837162837162837075e-09 0.000000000000000000e+00
2.857142857142857203e-09 0.000000000000000000e+00
2.877122877122876917e-09 0.000000000000000000e+00
2.897102897102897045e-09 0.000000000000000000e+00
2.917082917082917173e-09 0.000000000000000000e+00
2.937062937062936887e-09 0.000000000000000000e+00
2.957042957042957015e-09 0.000000000000000000e+00
2.977022977022976730e-09 0.000000000000000000e+00
2.997002997002996857e-09 0.000000000000000000e+00
3.016983016983016985e-09 0.000000000000000000e+00
3.036963036963036700e-09 0.000000000000000000e+00
3.056943056943056828e-09 0.000000000000000000e+00
3.076923076923076956e-09 0.000000000000000000e+00
3.096903096903096670e-09 0.000000000000000000e+00
3.116883116883116798e-09 0.000000000000000000e+00
3.136863136863136926e-09 0.000000000000000000e+00
3.156843156843156640e-09 0.000000000000000000e+00
3.176823176823176768e-09 0.000000000000000000e+00
3.196803196803196483e-09 0.000000000000000000e+00
3.216783216783216610e-09 0.000000000000000000e+00
3.236763236763236738e-09 0.000000000000000000e+00
3.256743256743256453e-09 0.000000000000000000e+00
3.276723276723276581e-09 0.000000000000000000e+00
3.296703296703296709e-09 0.000000000000000000e+00
3.316683316683316423e-09 0.000000000000000000e+00
3.336663336663336551e-09 0.000000000000000000e+00
3.356643356643356679e-09 0.000000000000000000e+00
3.376623376623376393e-09 0.000000000000000000e+00
3.396603396603396521e-09 0.000000000000000000e+00
3.416583416583416649e-09 0.000000000000000000e+00
3.436563436563436363e-09 0.000000000000000000e+00
3.456543456543456491e-09 0.000000000000000000e+00
3.476523476523476206e-09 0.000000000000000000e+00
3.496503496503496334e-09 0.000000000000000000e+00
3.516483516483516462e-09 0.000000000000000000e+00
3.536463536463536176e-09 0.000000000000000000e+00
3.556443556443556304e-09 0.000000000000000000e+00
3.576423576423576432e-09 0.000000000000000000e+00
3.596403596403596146e-09 0.000000000000000000e+00
3.616383616383616274e-09 0.000000000000000000e+00
3.636363636363636402e-09 0.000000000000000000e+00
3.656343656343656116e-09 0.000000000000000000e+00
3.676323676323676244e-09 0.000000000000000000e+00
3.696303696303696372e-09 0.000000000000000000e+00
3.716283716283716087e-09 0.000000000000000000e+00
3.736263736263736215e-09 0.000000000000000000e+00
3.756243756243755929e-09 0.000000000000000000e+00
3.776223776223776471e-09 0.000000000000000000e+00
3.796203796203796185e-09 0.000000000000000000e+00
3.816183816183815899e-09 0.000000000000000000e+00
3.836163836163836441e-09 0.000000000000000000e+00
3.856143856143856155e-09 0.000000000000000000e+00
3.876123876123875869e-09 0.000000000000000000e+00
3.896103896103895584e-09 0.000000000000000000e+00
3.916083916083916125e-09 0.000000000000000000e+00
3.936063936063935840e-09 0.000000000000000000e+00
3.956043956043955554e-09 0.000000000000000000e+00
3.976023976023976096e-09 0.000000000000000000e+00
3.996003996003995810e-09 0.000000000000000000e+00
4.015984015984015524e-09 0.000000000000000000e+00
4.035964035964036066e-09 0.000000000000000000e+00
4.055944055944055780e-09 0.000000000000000000e+00
4.075924075924075495e-09 0.000000000000000000e+00
4.095904095904096036e-09 0.000000000000000000e+00
4.115884115884115750e-09 0.000000000000000000e+00
4.135864135864135465e-09 0.000000000000000000e+00
4.155844155844156006e-09 0.000000000000000000e+00
4.175824175824175721e-09 0.000000000000000000e+00
4.195804195804195435e-09 0.000000000000000000e+00
4.215784215784215977e-09 0.000000000000000000e+00
4.235764235764235691e-09 0.000000000000000000e+00
4.255744255744255405e-09 0.000000000000000000e+00
4.275724275724275947e-09 0.000000000000000000e+00
4.295704295704295661e-09 0.000000000000000000e+00
4.315684315684315375e-09 0.000000000000000000e+00
4.335664335664335917e-09 0.000000000000000000e+00
4.355644355644355631e-09 0.000000000000000000e+00
4.375624375624375346e-09 0.000000000000000000e+00
4.395604395604395060e-09 0.000000000000000000e+00
4.415584415584415602e-09 0.000000000000000000e+00
4.435564435564435316e-09 0.000000000000000000e+00
4.455544455544455030e-09 0.000000000000000000e+00
4.475524475524475572e-09 0.000000000000000000e+00
4.495504495504495286e-09 0.000000000000000000e+00
4.515484515484515001e-09 0.000000000000000000e+00
4.535464535464535542e-09 0.000000000000000000e+00
4.555444555444555256e-09 0.000000000000000000e+00
4.575424575424574971e-09 0.000000000000000000e+00
4.595404595404595512e-09 0.000000000000000000e+00
4.615384615384615227e-09 0.000000000000000000e+00
4.635364635364634941e-09 0.000000000000000000e+00
4.655344655344655483e-09 0.000000000000000000e+00
4.675324675324675197e-09 0.000000000000000000e+00
4.695304695304694911e-09 0.000000000000000000e+00
4.715284715284715453e-09 0.000000000000000000e+00
4.735264735264735167e-09 0.000000000000000000e+00
4.755244755244754881e-09 0.000000000000000000e+00
4.775224775224775423e-09 0.000000000000000000e+00
4.795204795204795137e-09 0.000000000000000000e+00
4.815184815184814852e-09 0.000000000000000000e+00
4.835164835164835393e-09 0.000000000000000000e+00
4.855144855144855108e-09 0.000000000000000000e+00
4.875124875124874822e-09 0.000000000000000000e+00
4.895104895104894536e-09 0.000000000000000000e+00
4.915084915084915078e-09 0.000000000000000000e+00
4.935064935064934792e-09 0.000000000000000000e+00
4.955044955044954507e-09 0.000000000000000000e+00
4.975024975024975048e-09 0.000000000000000000e+00
4.995004995004994762e-09 0.000000000000000000e+00
5.014985014985014477e-09 0.000000000000000000e+00
5.034965034965035018e-09 0.000000000000000000e+00
5.054945054945054733e-09 0.000000000000000000e+00
5.074925074925074447e-09 0.000000000000000000e+00
5.094905094905094989e-09 0.000000000000000000e+00
5.114885114885114703e-09 0.000000000000000000e+00
5.134865134865134417e-09 0.000000000000000000e+00
5.154845154845154959e-09 0.000000000000000000e+00
5.174825174825174673e-09 0.000000000000000000e+00
5.194805194805194387e-09 0.000000000000000000e+00
5.214785214785214929e-09 0.000000000000000000e+00
5.234765234765234643e-09 0.000000000000000000e+00
5.254745254745254358e-09 0.000000000000000000e+00
5.274725274725274899e-09 0.000000000000000000e+00
5.294705294705294614e-09 0.000000000000000000e+00
5.314685314685314328e-09 0.000000000000000000e+00
5.334665334665334870e-09 0.000000000000000000e+00
5.354645354645354584e-09 0.000000000000000000e+00
5.374625374625374298e-09 0.000000000000000000e+00
5.394605394605394013e-09 0.000000000000000000e+00
5.414585414585414554e-09 0.000000000000000000e+00
5.434565434565434268e-09 0.000000000000000000e+00
5.454545454545453983e-09 0.000000000000000000e+00
5.474525474525474524e-09 0.000000000000000000e+00
5.494505494505494239e-09 0.000000000000000000e+00
5.514485514485513953e-09 0.000000000000000000e+00
5.534465534465534495e-09 0.000000000000000000e+00
5.554445554445554209e-09 0.000000000000000000e+00
5.574425574425573923e-09 0.000000000000000000e+00
5.594405594405594465e-09 0.000000000000000000e+00
5.614385614385614179e-09 0.000000000000000000e+00
5.634365634365633894e-09 0.000000000000000000e+00
5.654345654345654435e-09 0.000000000000000000e+00
5.674325674325674149e-09 0.000000000000000000e+00
5.694305694305693864e-09 0.000000000000000000e+00
5.714285714285714405e-09 0.000000000000000000e+00
5.734265734265734120e-09 0.000000000000000000e+00
5.754245754245753834e-09 0.000000000000000000e+00
5.774225774225774376e-09 0.000000000000000000e+00
5.794205794205794090e-09 0.000000000000000000e+00
5.814185814185813804e-09 0.000000000000000000e+00
5.834165834165834346e-09 0.000000000000000000e+00
5.854145854145854060e-09 0.000000000000000000e+00
5.874125874125873774e-09 0.000000000000000000e+00
5.894105894105893489e-09 0.000000000000000000e+00
5.914085914085914030e-09 0.000000000000000000e+00
5.934065934065933745e-09 0.000000000000000000e+00
5.954045954045953459e-09 0.000000000000000000e+00
5.974025974025974001e-09 0.000000000000000000e+00
5.994005994005993715e-09 0.000000000000000000e+00
6.013986013986013429e-09 0.000000000000000000e+00
6.033966033966033971e-09 0.000000000000000000e+00
6.053946053946053685e-09 0.000000000000000000e+00
6.073926073926073400e-09 0.000000000000000000e+00
6.093906093906093941e-09 0.000000000000000000e+00
6.113886113886113655e-09 0.000000000000000000e+00
6.133866133866133370e-09 0.000000000000000000e+00
6.153846153846153911e-09 0.000000000000000000e+00
6.173826173826173626e-09 0.000000000000000000e+00
6.193806193806193340e-09 0.000000000000000000e+00
6.213786213786213882e-09 0.000000000000000000e+00
6.233766233766233596e-09 0.000000000000000000e+00
6.253746253746253310e-09 0.000000000000000000e+00
6.273726273726273852e-09 0.000000000000000000e+00
6.293706293706293566e-09 0.000000000000000000e+00
6.313686313686313280e-09 0.000000000000000000e+00
6.333666333666333822e-09 0.000000000000000000e+00
6.353646353646353536e-09 0.000000000000000000e+00
6.373626373626373251e-09 0.000000000000000000e+00
6.393606393606392965e-09 0.000000000000000000e+00
6.413586413586413507e-09 0.000000000000000000e+00
6.433566433566433221e-09 0.000000000000000000e+00
6.453546453546452935e-09 0.000000000000000000e+00
6.473526473526473477e-09 0.000000000000000000e+00
6.493506493506493191e-09 0.000000000000000000e+00
6.513486513486512906e-09 0.000000000000000000e+00
6.533466533466533447e-09 0.000000000000000000e+00
6.553446553446553161e-09 0.000000000000000000e+00
6.573426573426572876e-09 0.000000000000000000e+00
6.593406593406593417e-09 0.000000000000000000e+00
6.613386613386613132e-09 0.000000000000000000e+00
6.633366633366632846e-09 0.000000000000000000e+00
6.653346653346653388e-09 0.000000000000000000e+00
6.673326673326673102e-09 0.000000000000000000e+00
6.693306693306692816e-09 0.000000000000000000e+00
6.713286713286713358e-09 0.000000000000000000e+00
6.733266733266733072e-09 0.000000000000000000e+00
6.753246753246752786e-09 0.000000000000000000e+00
6.773226773226773328e-09 0.000000000000000000e+00
6.793206793206793042e-09 0.000000000000000000e+00
6.813186813186812757e-09 0.000000000000000000e+00
6.833166833166833298e-09 0.000000000000000000e+00
6.853146853146853013e-09 0.000000000000000000e+00
6.873126873126872727e-09 0.000000000000000000e+00
6.893106893106893268e-09 0.000000000000000000e+00
6.913086913086912983e-09 0.000000000000000000e+00
6.933066933066932697e-09 0.000000000000000000e+00
6.953046953046952412e-09 0.000000000000000000e+00
6.973026973026972953e-09 0.000000000000000000e+00
6.993006993006992667e-09 0.000000000000000000e+00
7.012987012987012382e-09 0.000000000000000000e+00
7.032967032967032923e-09 0.000000000000000000e+00
7.052947052947052638e-09 0.000000000000000000e+00
7.072927072927072352e-09 0.000000000000000000e+00
7.092907092907092894e-09 0.000000000000000000e+00
7.112887112887112608e-09 0.000000000000000000e+00
7.132867132867132322e-09 0.000000000000000000e+00
7.152847152847152864e-09 0.000000000000000000e+00
7.172827172827172578e-09 0.000000000000000000e+00
7.192807192807192292e-09 0.000000000000000000e+00
7.212787212787212834e-09 0.000000000000000000e+00
7.232767232767232548e-09 0.000000000000000000e+00
7.252747252747252263e-09 0.000000000000000000e+00
7.272727272727272804e-09 0.000000000000000000e+00
7.292707292707292519e-09 0.000000000000000000e+00
7.312687312687312233e-09 0.000000000000000000e+00
7.332667332667332774e-09 0.000000000000000000e+00
7.352647352647352489e-09 0.000000000000000000e+00
7.372627372627372203e-09 0.000000000000000000e+00
7.392607392607392745e-09 0.000000000000000000e+00
7.412587412587412459e-09 0.000000000000000000e+00
7.432567432567432173e-09 0.000000000000000000e+00
7.452547452547452715e-09 0.000000000000000000e+00
7.472527472527472429e-09 0.000000000000000000e+00
7.492507492507492144e-09 0.000000000000000000e+00
7.512487512487511858e-09 0.000000000000000000e+00
7.532467532467531572e-09 0.000000000000000000e+00
7.552447552447552941e-09 0.000000000000000000e+00
7.572427572427572655e-09 0.000000000000000000e+00
7.592407592407592370e-09 0.000000000000000000e+00
7.612387612387612084e-09 0.000000000000000000e+00
7.632367632367631798e-09 0.000000000000000000e+00
7.652347652347651513e-09 0.000000000000000000e+00
7.672327672327672882e-09 0.000000000000000000e+00
7.692307692307692596e-09 0.000000000000000000e+00
7.712287712287712310e-09 0.000000000000000000e+00
7.732267732267732025e-09 0.000000000000000000e+00
7.752247752247751739e-09 0.000000000000000000e+00
7.772227772227771453e-09 0.000000000000000000e+00
7.792207792207791168e-09 0.000000000000000000e+00
7.812187812187812536e-09 0.000000000000000000e+00
7.832167832167832251e-09 0.000000000000000000e+00
7.852147852147851965e-09 0.000000000000000000e+00
7.872127872127871679e-09 0.000000000000000000e+00
7.892107892107891394e-09 0.000000000000000000e+00
7.912087912087911108e-09 0.000000000000000000e+00
7.932067932067932477e-09 0.000000000000000000e+00
7.952047952047952191e-09 0.000000000000000000e+00
7.972027972027971906e-09 0.000000000000000000e+00
7.992007992007991620e-09 0.000000000000000000e+00
8.011988011988011334e-09 0.000000000000000000e+00
8.031968031968031049e-09 0.000000000000000000e+00
8.051948051948052417e-09 0.000000000000000000e+00
8.071928071928072132e-09 0.000000000000000000e+00
8.091908091908091846e-09 0.000000000000000000e+00
8.111888111888111560e-09 0.000000000000000000e+00
8.131868131868131275e-09 0.000000000000000000e+00
8.151848151848150989e-09 0.000000000000000000e+00
8.171828171828172358e-09 0.000000000000000000e+00
8.191808191808192072e-09 0.000000000000000000e+00
8.211788211788211786e-09 0.000000000000000000e+00
8.231768231768231501e-09 0.000000000000000000e+00
8.251748251748251215e-09 0.000000000000000000e+00
8.271728271728270930e-09 0.000000000000000000e+00
8.291708291708290644e-09 0.000000000000000000e+00
8.311688311688312013e-09 0.000000000000000000e+00
8.331668331668331727e-09 0.000000000000000000e+00
8.351648351648351441e-09 0.000000000000000000e+00
8.371628371628371156e-09 0.000000000000000000e+00
8.391608391608390870e-09 0.000000000000000000e+00
8.411588411588410584e-09 0.000000000000000000e+00
8.431568431568431953e-09 0.000000000000000000e+00
8.451548451548451667e-09 0.000000000000000000e+00
8.471528471528471382e-09 0.000000000000000000e+00
8.491508491508491096e-09 0.000000000000000000e+00
8.511488511488510810e-09 0.000000000000000000e+00
8.531468531468530525e-09 0.000000000000000000e+00
8.551448551448551894e-09 0.000000000000000000e+00
8.571428571428571608e-09 0.000000000000000000e+00
8.591408591408591322e-09 0.000000000000000000e+00
8.611388611388611037e-09 0.000000000000000000e+00
8.631368631368630751e-09 0.000000000000000000e+00
8.651348651348650465e-09 0.000000000000000000e+00
8.671328671328671834e-09 0.000000000000000000e+00
8.691308691308691548e-09 0.000000000000000000e+00
8.711288711288711263e-09 0.000000000000000000e+00
8.731268731268730977e-09 0.000000000000000000e+00
8.751248751248750691e-09 0.000000000000000000e+00
8.771228771228770406e-09 0.000000000000000000e+00
8.791208791208790120e-09 0.000000000000000000e+00
8.811188811188811489e-09 0.000000000000000000e+00
8.831168831168831203e-09 0.000000000000000000e+00
8.851148851148850918e-09 0.000000000000000000e+00
8.871128871128870632e-09 0.000000000000000000e+00
8.891108891108890346e-09 0.000000000000000000e+00
8.911088911088910061e-09 0.000000000000000000e+00
8.931068931068931429e-09 0.000000000000000000e+00
8.951048951048951144e-09 0.000000000000000000e+00
8.971028971028970858e-09 0.000000000000000000e+00
8.991008991008990572e-09 0.000000000000000000e+00
9.010989010989010287e-09 0.000000000000000000e+00
9.030969030969030001e-09 0.000000000000000000e+00
9.050949050949051370e-09 0.000000000000000000e+00
9.070929070929071084e-09 0.000000000000000000e+00
9.090909090909090799e-09 0.000000000000000000e+00
9.110889110889110513e-09 0.000000000000000000e+00
9.130869130869130227e-09 0.000000000000000000e+00
9.150849150849149942e-09 0.000000000000000000e+00
9.170829170829171310e-09 0.000000000000000000e+00
9.190809190809191025e-09 0.000000000000000000e+00
9.210789210789210739e-09 0.000000000000000000e+00
9.230769230769230453e-09 0.000000000000000000e+00
9.250749250749250168e-09 0.000000000000000000e+00
9.270729270729269882e-09 0.000000000000000000e+00
9.290709290709289596e-09 0.000000000000000000e+00
9.310689310689310965e-09 0.000000000000000000e+00
9.330669330669330679e-09 0.000000000000000000e+00
9.350649350649350394e-09 0.000000000000000000e+00
9.370629370629370108e-09 0.000000000000000000e+00
9.390609390609389823e-09 0.000000000000000000e+00
9.410589410589409537e-09 0.000000000000000000e+00
9.430569430569430906e-09 0.000000000000000000e+00
9.450549450549450620e-09 0.000000000000000000e+00
9.470529470529470334e-09 0.000000000000000000e+00
9.490509490509490049e-09 0.000000000000000000e+00
9.510489510489509763e-09 0.000000000000000000e+00
9.530469530469529477e-09 0.000000000000000000e+00
9.550449550449550846e-09 0.000000000000000000e+00
9.570429570429570560e-09 0.000000000000000000e+00
9.590409590409590275e-09 0.000000000000000000e+00
9.610389610389609989e-09 0.000000000000000000e+00
9.630369630369629703e-09 0.000000000000000000e+00
9.650349650349649418e-09 0.000000000000000000e+00
9.670329670329670787e-09 0.000000000000000000e+00
9.690309690309690501e-09 0.000000000000000000e+00
9.710289710289710215e-09 0.000000000000000000e+00
9.730269730269729930e-09 0.000000000000000000e+00
9.750249750249749644e-09 0.000000000000000000e+00
9.770229770229769358e-09 0.000000000000000000e+00
9.790209790209789073e-09 0.000000000000000000e+00
9.810189810189810441e-09 0.000000000000000000e+00
9.830169830169830156e-09 0.000000000000000000e+00
9.850149850149849870e-09 0.000000000000000000e+00
9.870129870129869584e-09 0.000000000000000000e+00
9.890109890109889299e-09 0.000000000000000000e+00
9.910089910089909013e-09 0.000000000000000000e+00
9.930069930069930382e-09 0.000000000000000000e+00
9.950049950049950096e-09 0.000000000000000000e+00
9.970029970029969811e-09 0.000000000000000000e+00
9.990009990009989525e-09 0.000000000000000000e+00
1.000999000999000924e-08 0.000000000000000000e+00
1.002997002997002895e-08 0.000000000000000000e+00
1.004995004995005032e-08 0.000000000000000000e+00
1.006993006993007004e-08 0.000000000000000000e+00
1.008991008991008975e-08 0.000000000000000000e+00
1.010989010989010947e-08 0.000000000000000000e+00
1.012987012987012918e-08 0.000000000000000000e+00
1.014985014985014889e-08 0.000000000000000000e+00
1.016983016983017026e-08 0.000000000000000000e+00
1.018981018981018998e-08 0.000000000000000000e+00
1.020979020979020969e-08 0.000000000000000000e+00
1.022977022977022941e-08 0.000000000000000000e+00
1.024975024975024912e-08 0.000000000000000000e+00
1.026973026973026883e-08 0.000000000000000000e+00
1.028971028971028855e-08 0.000000000000000000e+00
1.030969030969030992e-08 0.000000000000000000e+00
1.032967032967032963e-08 0.000000000000000000e+00
1.034965034965034935e-08 0.000000000000000000e+00
1.036963036963036906e-08 0.000000000000000000e+00
1.038961038961038877e-08 0.000000000000000000e+00
1.040959040959040849e-08 0.000000000000000000e+00
1.042957042957042986e-08 0.000000000000000000e+00
1.044955044955044957e-08 0.000000000000000000e+00
1.046953046953046929e-08 0.000000000000000000e+00
1.048951048951048900e-08 0.000000000000000000e+00
1.050949050949050872e-08 0.000000000000000000e+00
1.052947052947052843e-08 0.000000000000000000e+00
1.054945054945054980e-08 0.000000000000000000e+00
1.056943056943056951e-08 0.000000000000000000e+00
1.058941058941058923e-08 0.000000000000000000e+00
1.060939060939060894e-08 0.000000000000000000e+00
1.062937062937062866e-08 0.000000000000000000e+00
1.064935064935064837e-08 0.000000000000000000e+00
1.066933066933066974e-08 0.000000000000000000e+00
1.068931068931068945e-08 0.000000000000000000e+00
1.070929070929070917e-08 0.000000000000000000e+00
1.072927072927072888e-08 0.000000000000000000e+00
1.074925074925074860e-08 0.000000000000000000e+00
1.076923076923076831e-08 0.000000000000000000e+00
1.078921078921078803e-08 0.000000000000000000e+00
1.080919080919080939e-08 0.000000000000000000e+00
1.082917082917082911e-08 0.000000000000000000e+00
1.084915084915084882e-08 0.000000000000000000e+00
1.086913086913086854e-08 0.000000000000000000e+00
1.088911088911088825e-08 0.000000000000000000e+00
1.090909090909090797e-08 0.000000000000000000e+00
1.092907092907092933e-08 0.000000000000000000e+00
1.094905094905094905e-08 0.000000000000000000e+00
1.096903096903096876e-08 0.000000000000000000e+00
1.098901098901098848e-08 0.000000000000000000e+00
1.100899100899100819e-08 0.000000000000000000e+00
1.102897102897102791e-08 0.000000000000000000e+00
1.104895104895104927e-08 0.000000000000000000e+00
1.106893106893106899e-08 0.000000000000000000e+00
1.108891108891108870e-08 0.000000000000000000e+00
1.110889110889110842e-08 0.000000000000000000e+00
1.112887112887112813e-08 0.000000000000000000e+00
1.114885114885114785e-08 0.000000000000000000e+00
1.116883116883116922e-08 0.000000000000000000e+00
1.118881118881118893e-08 0.000000000000000000e+00
1.120879120879120864e-08 0.000000000000000000e+00
1.122877122877122836e-08 0.000000000000000000e+00
1.124875124875124807e-08 0.000000000000000000e+00
1.126873126873126779e-08 0.000000000000000000e+00
1.128871128871128750e-08 0.000000000000000000e+00
1.130869130869130887e-08 0.000000000000000000e+00
1.132867132867132858e-08 0.000000000000000000e+00
1.134865134865134830e-08 0.000000000000000000e+00
1.136863136863136801e-08 0.000000000000000000e+00
1.138861138861138773e-08 0.000000000000000000e+00
1.140859140859140744e-08 0.000000000000000000e+00
1.142857142857142881e-08 0.000000000000000000e+00
1.144855144855144852e-08 0.000000000000000000e+00
1.146853146853146824e-08 0.000000000000000000e+00
1.148851148851148795e-08 0.000000000000000000e+00
1.150849150849150767e-08 0.000000000000000000e+00
1.152847152847152738e-08 0.000000000000000000e+00
1.154845154845154875e-08 0.000000000000000000e+00
1.156843156843156847e-08 0.000000000000000000e+00
1.158841158841158818e-08 0.000000000000000000e+00
1.160839160839160789e-08 0.000000000000000000e+00
1.162837162837162761e-08 0.000000000000000000e+00
1.164835164835164732e-08 0.000000000000000000e+00
1.166833166833166869e-08 0.000000000000000000e+00
1.168831168831168841e-08 0.000000000000000000e+00
1.170829170829170812e-08 0.000000000000000000e+00
1.172827172827172783e-08 0.000000000000000000e+00
1.174825174825174755e-08 0.000000000000000000e+00
1.176823176823176726e-08 0.000000000000000000e+00
1.178821178821178698e-08 0.000000000000000000e+00
1.180819180819180835e-08 0.000000000000000000e+00
1.182817182817182806e-08 0.000000000000000000e+00
1.184815184815184778e-08 0.000000000000000000e+00
1.186813186813186749e-08 0.000000000000000000e+00
1.188811188811188720e-08 0.000000000000000000e+00
1.190809190809190692e-08 0.000000000000000000e+00
1.192807192807192829e-08 0.000000000000000000e+00
1.194805194805194800e-08 0.000000000000000000e+00
1.196803196803196772e-08 0.000000000000000000e+00
1.198801198801198743e-08 0.000000000000000000e+00
1.200799200799200714e-08 0.000000000000000000e+00
1.202797202797202686e-08 0.000000000000000000e+00
1.204795204795204823e-08 0.000000000000000000e+00
1.206793206793206794e-08 0.000000000000000000e+00
1.208791208791208766e-08 0.000000000000000000e+00
1.210789210789210737e-08 0.000000000000000000e+00
1.212787212787212708e-08 0.000000000000000000e+00
1.214785214785214680e-08 0.000000000000000000e+00
1.216783216783216817e-08 0.000000000000000000e+00
1.218781218781218788e-08 0.000000000000000000e+00
1.220779220779220760e-08 0.000000000000000000e+00
1.222777222777222731e-08 0.000000000000000000e+00
1.224775224775224703e-08 0.000000000000000000e+00
1.226773226773226674e-08 0.000000000000000000e+00
1.228771228771228645e-08 0.000000000000000000e+00
1.230769230769230782e-08 0.000000000000000000e+00
1.232767232767232754e-08 0.000000000000000000e+00
1.234765234765234725e-08 0.000000000000000000e+00
1.236763236763236697e-08 0.000000000000000000e+00
1.238761238761238668e-08 0.000000000000000000e+00
1.240759240759240639e-08 0.000000000000000000e+00
1.242757242757242776e-08 0.000000000000000000e+00
1.244755244755244748e-08 0.000000000000000000e+00
1.246753246753246719e-08 0.000000000000000000e+00
1.248751248751248691e-08 0.000000000000000000e+00
1.250749250749250662e-08 0.000000000000000000e+00
1.252747252747252633e-08 0.000000000000000000e+00
1.254745254745254770e-08 0.000000000000000000e+00
1.256743256743256742e-08 0.000000000000000000e+00
1.258741258741258713e-08 0.000000000000000000e+00
1.260739260739260685e-08 0.000000000000000000e+00
1.262737262737262656e-08 0.000000000000000000e+00
1.264735264735264628e-08 0.000000000000000000e+00
1.266733266733266764e-08 0.000000000000000000e+00
1.268731268731268736e-08 0.000000000000000000e+00
1.270729270729270707e-08 0.000000000000000000e+00
1.272727272727272679e-08 0.000000000000000000e+00
1.274725274725274650e-08 0.000000000000000000e+00
1.276723276723276622e-08 0.000000000000000000e+00
1.278721278721278593e-08 0.000000000000000000e+00
1.280719280719280730e-08 0.000000000000000000e+00
1.282717282717282701e-08 0.000000000000000000e+00
1.284715284715284673e-08 0.000000000000000000e+00
1.286713286713286644e-08 0.000000000000000000e+00
1.288711288711288616e-08 0.000000000000000000e+00
1.290709290709290587e-08 0.000000000000000000e+00
1.292707292707292724e-08 0.000000000000000000e+00
1.294705294705294695e-08 0.000000000000000000e+00
1.296703296703296667e-08 0.000000000000000000e+00
1.298701298701298638e-08 0.000000000000000000e+00
1.300699300699300610e-08 0.000000000000000000e+00
1.302697302697302581e-08 0.000000000000000000e+00
1.304695304695304718e-08 0.000000000000000000e+00
1.306693306693306689e-08 0.000000000000000000e+00
1.308691308691308661e-08 0.000000000000000000e+00
1.310689310689310632e-08 0.000000000000000000e+00
1.312687312687312604e-08 0.000000000000000000e+00
1.314685314685314575e-08 0.000000000000000000e+00
1.316683316683316712e-08 0.000000000000000000e+00
1.318681318681318683e-08 0.000000000000000000e+00
1.320679320679320655e-08 0.000000000000000000e+00
1.322677322677322626e-08 0.000000000000000000e+00
1.324675324675324598e-08 0.000000000000000000e+00
1.326673326673326569e-08 0.000000000000000000e+00
1.328671328671328706e-08 0.000000000000000000e+00
1.330669330669330678e-08 0.000000000000000000e+00
1.332667332667332649e-08 0.000000000000000000e+00
1.334665334665334620e-08 0.000000000000000000e+00
1.336663336663336592e-08 0.000000000000000000e+00
1.338661338661338563e-08 0.000000000000000000e+00
1.340659340659340535e-08 0.000000000000000000e+00
1.342657342657342672e-08 0.000000000000000000e+00
1.344655344655344643e-08 0.000000000000000000e+00
1.346653346653346614e-08 0.000000000000000000e+00
1.348651348651348586e-08 0.000000000000000000e+00
1.350649350649350557e-08 0.000000000000000000e+00
1.352647352647352529e-08 0.000000000000000000e+00
1.354645354645354666e-08 0.000000000000000000e+00
1.356643356643356637e-08 0.000000000000000000e+00
1.358641358641358608e-08 0.000000000000000000e+00
1.360639360639360580e-08 0.000000000000000000e+00
1.362637362637362551e-08 0.000000000000000000e+00
1.364635364635364523e-08 0.000000000000000000e+00
1.366633366633366660e-08 0.000000000000000000e+00
1.368631368631368631e-08 0.000000000000000000e+00
1.370629370629370603e-08 0.000000000000000000e+00
1.372627372627372574e-08 0.000000000000000000e+00
1.374625374625374545e-08 0.000000000000000000e+00
1.376623376623376517e-08 0.000000000000000000e+00
1.378621378621378654e-08 0.000000000000000000e+00
1.380619380619380625e-08 0.000000000000000000e+00
1.382617382617382597e-08 0.000000000000000000e+00
1.384615384615384568e-08 0.000000000000000000e+00
1.386613386613386539e-08 0.000000000000000000e+00
1.388611388611388511e-08 0.000000000000000000e+00
1.390609390609390482e-08 0.000000000000000000e+00
1.392607392607392619e-08 0.000000000000000000e+00
1.394605394605394591e-08 0.000000000000000000e+00
1.396603396603396562e-08 0.000000000000000000e+00
1.398601398601398533e-08 0.000000000000000000e+00
1.400599400599400505e-08 0.000000000000000000e+00
1.402597402597402476e-08 0.000000000000000000e+00
1.404595404595404613e-08 0.000000000000000000e+00
1.406593406593406585e-08 0.000000000000000000e+00
1.408591408591408556e-08 0.000000000000000000e+00
1.410589410589410528e-08 0.000000000000000000e+00
1.412587412587412499e-08 0.000000000000000000e+00
1.414585414585414470e-08 0.000000000000000000e+00
1.416583416583416607e-08 0.000000000000000000e+00
1.418581418581418579e-08 0.000000000000000000e+00
1.420579420579420550e-08 0.000000000000000000e+00
1.422577422577422522e-08 0.000000000000000000e+00
1.424575424575424493e-08 0.000000000000000000e+00
1.426573426573426464e-08 0.000000000000000000e+00
1.428571428571428601e-08 0.000000000000000000e+00
1.430569430569430573e-08 0.000000000000000000e+00
1.432567432567432544e-08 0.000000000000000000e+00
1.434565434565434516e-08 0.000000000000000000e+00
1.436563436563436487e-08 0.000000000000000000e+00
1.438561438561438458e-08 0.000000000000000000e+00
1.440559440559440430e-08 0.000000000000000000e+00
1.442557442557442567e-08 0.000000000000000000e+00
1.444555444555444538e-08 0.000000000000000000e+00
1.446553446553446510e-08 0.000000000000000000e+00
1.448551448551448481e-08 0.000000000000000000e+00
1.450549450549450453e-08 0.000000000000000000e+00
1.452547452547452424e-08 0.000000000000000000e+00
1.454545454545454561e-08 0.000000000000000000e+00
1.456543456543456532e-08 0.000000000000000000e+00
1.458541458541458504e-08 0.000000000000000000e+00
1.460539460539460475e-08 0.000000000000000000e+00
1.462537462537462447e-08 0.000000000000000000e+00
1.464535464535464418e-08 0.000000000000000000e+00
1.466533466533466555e-08 0.000000000000000000e+00
1.468531468531468526e-08 0.000000000000000000e+00
1.470529470529470498e-08 0.000000000000000000e+00
1.472527472527472469e-08 0.000000000000000000e+00
1.474525474525474441e-08 0.000000000000000000e+00
1.476523476523476412e-08 0.000000000000000000e+00
1.478521478521478549e-08 0.000000000000000000e+00
1.480519480519480520e-08 0.000000000000000000e+00
1.482517482517482492e-08 0.000000000000000000e+00
1.484515484515484463e-08 0.000000000000000000e+00
1.486513486513486435e-08 0.000000000000000000e+00
1.488511488511488406e-08 0.000000000000000000e+00
1.490509490509490543e-08 0.000000000000000000e+00
1.492507492507492349e-08 0.000000000000000000e+00
1.494505494505494486e-08 0.000000000000000000e+00
1.496503496503496292e-08 0.000000000000000000e+00
1.498501498501498429e-08 0.000000000000000000e+00
1.500499500499500566e-08 0.000000000000000000e+00
1.502497502497502372e-08 0.000000000000000000e+00
1.504495504495504508e-08 0.000000000000000000e+00
1.506493506493506314e-08 0.000000000000000000e+00
1.508491508491508451e-08 0.000000000000000000e+00
1.510489510489510588e-08 0.000000000000000000e+00
1.512487512487512394e-08 0.000000000000000000e+00
1.514485514485514531e-08 0.000000000000000000e+00
1.516483516483516337e-08 0.000000000000000000e+00
1.518481518481518474e-08 0.000000000000000000e+00
1.520479520479520280e-08 0.000000000000000000e+00
1.522477522477522417e-08 0.000000000000000000e+00
1.524475524475524554e-08 0.000000000000000000e+00
1.526473526473526360e-08 0.000000000000000000e+00
1.528471528471528497e-08 0.000000000000000000e+00
1.530469530469530303e-08 0.000000000000000000e+00
1.532467532467532439e-08 0.000000000000000000e+00
1.534465534465534576e-08 0.000000000000000000e+00
1.536463536463536382e-08 0.000000000000000000e+00
1.538461538461538519e-08 0.000000000000000000e+00
1.540459540459540325e-08 0.000000000000000000e+00
1.542457542457542462e-08 0.000000000000000000e+00
1.544455544455544268e-08 0.000000000000000000e+00
1.546453546453546405e-08 0.000000000000000000e+00
1.548451548451548542e-08 0.000000000000000000e+00
1.550449550449550348e-08 0.000000000000000000e+00
1.552447552447552485e-08 0.000000000000000000e+00
1.554445554445554291e-08 0.000000000000000000e+00
1.556443556443556428e-08 0.000000000000000000e+00
1.558441558441558234e-08 0.000000000000000000e+00
1.560439560439560370e-08 0.000000000000000000e+00
1.562437562437562507e-08 0.000000000000000000e+00
1.564435564435564313e-08 0.000000000000000000e+00
1.566433566433566450e-08 0.000000000000000000e+00
1.568431568431568256e-08 0.000000000000000000e+00
1.570429570429570393e-08 0.000000000000000000e+00
1.572427572427572530e-08 0.000000000000000000e+00
1.574425574425574336e-08 0.000000000000000000e+00
1.576423576423576473e-08 0.000000000000000000e+00
1.578421578421578279e-08 0.000000000000000000e+00
1.580419580419580416e-08 0.000000000000000000e+00
1.582417582417582222e-08 0.000000000000000000e+00
1.584415584415584358e-08 0.000000000000000000e+00
1.586413586413586495e-08 0.000000000000000000e+00
1.588411588411588301e-08 0.000000000000000000e+00
1.590409590409590438e-08 0.000000000000000000e+00
1.592407592407592244e-08 0.000000000000000000e+00
1.594405594405594381e-08 0.000000000000000000e+00
1.596403596403596187e-08 0.000000000000000000e+00
1.598401598401598324e-08 0.000000000000000000e+00
1.600399600399600461e-08 0.000000000000000000e+00
1.602397602397602267e-08 0.000000000000000000e+00
1.604395604395604404e-08 0.000000000000000000e+00
1.606393606393606210e-08 0.000000000000000000e+00
1.608391608391608347e-08 0.000000000000000000e+00
1.610389610389610483e-08 0.000000000000000000e+00
1.612387612387612289e-08 0.000000000000000000e+00
1.614385614385614426e-08 0.000000000000000000e+00
1.616383616383616232e-08 0.000000000000000000e+00
1.618381618381618369e-08 0.000000000000000000e+00
1.620379620379620175e-08 0.000000000000000000e+00
1.622377622377622312e-08 0.000000000000000000e+00
1.624375624375624449e-08 0.000000000000000000e+00
1.626373626373626255e-08 0.000000000000000000e+00
1.628371628371628392e-08 0.000000000000000000e+00
1.630369630369630198e-08 0.000000000000000000e+00
1.632367632367632335e-08 0.000000000000000000e+00
1.634365634365634472e-08 0.000000000000000000e+00
1.636363636363636278e-08 0.000000000000000000e+00
1.638361638361638414e-08 0.000000000000000000e+00
1.640359640359640220e-08 0.000000000000000000e+00
1.642357642357642357e-08 0.000000000000000000e+00
1.644355644355644163e-08 0.000000000000000000e+00
1.646353646353646300e-08 0.000000000000000000e+00
1.648351648351648437e-08 0.000000000000000000e+00
1.650349650349650243e-08 0.000000000000000000e+00
1.652347652347652380e-08 0.000000000000000000e+00
1.654345654345654186e-08 0.000000000000000000e+00
1.656343656343656323e-08 0.000000000000000000e+00
1.658341658341658129e-08 0.000000000000000000e+00
1.660339660339660266e-08 0.000000000000000000e+00
1.662337662337662403e-08 0.000000000000000000e+00
1.664335664335664209e-08 0.000000000000000000e+00
1.666333666333666345e-08 0.000000000000000000e+00
1.668331668331668151e-08 0.000000000000000000e+00
1.670329670329670288e-08 0.000000000000000000e+00
1.672327672327672425e-08 0.000000000000000000e+00
1.674325674325674231e-08 0.000000000000000000e+00
1.676323676323676368e-08 0.000000000000000000e+00
1.678321678321678174e-08 0.000000000000000000e+00
1.680319680319680311e-08 0.000000000000000000e+00
1.682317682317682117e-08 0.000000000000000000e+00
1.684315684315684254e-08 0.000000000000000000e+00
1.686313686313686391e-08 0.000000000000000000e+00
1.688311688311688197e-08 0.000000000000000000e+00
1.690309690309690333e-08 0.000000000000000000e+00
1.692307692307692139e-08 0.000000000000000000e+00
1.694305694305694276e-08 0.000000000000000000e+00
1.696303696303696082e-08 0.000000000000000000e+00
1.698301698301698219e-08 0.000000000000000000e+00
1.700299700299700356e-08 0.000000000000000000e+00
1.702297702297702162e-08 0.000000000000000000e+00
1.704295704295704299e-08 0.000000000000000000e+00
1.706293706293706105e-08 0.000000000000000000e+00
1.708291708291708242e-08 0.000000000000000000e+00
1.710289710289710379e-08 0.000000000000000000e+00
1.712287712287712185e-08 0.000000000000000000e+00
1.714285714285714322e-08 0.000000000000000000e+00
1.716283716283716128e-08 0.000000000000000000e+00
1.718281718281718264e-08 0.000000000000000000e+00
1.720279720279720070e-08 0.000000000000000000e+00
1.722277722277722207e-08 0.000000000000000000e+00
1.724275724275724344e-08 0.000000000000000000e+00
1.726273726273726150e-08 0.000000000000000000e+00
1.728271728271728287e-08 0.000000000000000000e+00
1.730269730269730093e-08 0.000000000000000000e+00
1.732267732267732230e-08 0.000000000000000000e+00
1.734265734265734367e-08 0.000000000000000000e+00
1.736263736263736173e-08 0.000000000000000000e+00
1.738261738261738310e-08 0.000000000000000000e+00
1.740259740259740116e-08 0.000000000000000000e+00
1.742257742257742253e-08 0.000000000000000000e+00
1.744255744255744059e-08 0.000000000000000000e+00
1.746253746253746195e-08 0.000000000000000000e+00
1.748251748251748332e-08 0.000000000000000000e+00
1.750249750249750138e-08 0.000000000000000000e+00
1.752247752247752275e-08 0.000000000000000000e+00
1.754245754245754081e-08 0.000000000000000000e+00
1.756243756243756218e-08 0.000000000000000000e+00
1.758241758241758024e-08 0.000000000000000000e+00
1.760239760239760161e-08 0.000000000000000000e+00
1.762237762237762298e-08 0.000000000000000000e+00
1.764235764235764104e-08 0.000000000000000000e+00
1.766233766233766241e-08 0.000000000000000000e+00
1.768231768231768047e-08 0.000000000000000000e+00
1.770229770229770184e-08 0.000000000000000000e+00
1.772227772227772320e-08 0.000000000000000000e+00
1.774225774225774126e-08 0.000000000000000000e+00
1.776223776223776263e-08 0.000000000000000000e+00
1.778221778221778069e-08 0.000000000000000000e+00
1.780219780219780206e-08 0.000000000000000000e+00
1.782217782217782012e-08 0.000000000000000000e+00
1.784215784215784149e-08 0.000000000000000000e+00
1.786213786213786286e-08 0.000000000000000000e+00
1.788211788211788092e-08 0.000000000000000000e+00
1.790209790209790229e-08 0.000000000000000000e+00
1.792207792207792035e-08 0.000000000000000000e+00
1.794205794205794172e-08 0.000000000000000000e+00
1.796203796203795978e-08 0.000000000000000000e+00
1.798201798201798114e-08 0.000000000000000000e+00
1.800199800199800251e-08 0.000000000000000000e+00
1.802197802197802057e-08 0.000000000000000000e+00
1.804195804195804194e-08 0.000000000000000000e+00
1.806193806193806000e-08 0.000000000000000000e+00
1.808191808191808137e-08 0.000000000000000000e+00
1.810189810189810274e-08 0.000000000000000000e+00
1.812187812187812080e-08 0.000000000000000000e+00
1.814185814185814217e-08 0.000000000000000000e+00
1.816183816183816023e-08 0.000000000000000000e+00
1.818181818181818160e-08 0.000000000000000000e+00
1.820179820179819966e-08 0.000000000000000000e+00
1.822177822177822103e-08 0.000000000000000000e+00
1.824175824175824239e-08 0.000000000000000000e+00
1.826173826173826045e-08 0.000000000000000000e+00
1.828171828171828182e-08 0.000000000000000000e+00
1.830169830169829988e-08 0.000000000000000000e+00
1.832167832167832125e-08 0.000000000000000000e+00
1.834165834165834262e-08 0.000000000000000000e+00
1.836163836163836068e-08 0.000000000000000000e+00
1.838161838161838205e-08 0.000000000000000000e+00
1.840159840159840011e-08 0.000000000000000000e+00
1.842157842157842148e-08 0.000000000000000000e+00
1.844155844155843954e-08 0.000000000000000000e+00
1.846153846153846091e-08 0.000000000000000000e+00
1.848151848151848228e-08 0.000000000000000000e+00
1.850149850149850034e-08 0.000000000000000000e+00
1.852147852147852170e-08 0.000000000000000000e+00
1.854145854145853976e-08 0.000000000000000000e+00
1.856143856143856113e-08 0.000000000000000000e+00
1.858141858141857919e-08 0.000000000000000000e+00
1.860139860139860056e-08 0.000000000000000000e+00
1.862137862137862193e-08 0.000000000000000000e+00
1.864135864135863999e-08 0.000000000000000000e+00
1.866133866133866136e-08 0.000000000000000000e+00
1.868131868131867942e-08 0.000000000000000000e+00
1.870129870129870079e-08 0.000000000000000000e+00
1.872127872127872216e-08 0.000000000000000000e+00
1.874125874125874022e-08 0.000000000000000000e+00
1.876123876123876159e-08 0.000000000000000000e+00
1.878121878121877965e-08 0.000000000000000000e+00
1.880119880119880101e-08 0.000000000000000000e+00
1.882117882117881907e-08 0.000000000000000000e+00
1.884115884115884044e-08 0.000000000000000000e+00
1.886113886113886181e-08 0.000000000000000000e+00
1.888111888111887987e-08 0.000000000000000000e+00
1.890109890109890124e-08 0.000000000000000000e+00
1.892107892107891930e-08 0.000000000000000000e+00
1.894105894105894067e-08 0.000000000000000000e+00
1.896103896103895873e-08 0.000000000000000000e+00
1.898101898101898010e-08 0.000000000000000000e+00
1.900099900099900147e-08 0.000000000000000000e+00
1.902097902097901953e-08 0.000000000000000000e+00
1.904095904095904089e-08 0.000000000000000000e+00
1.906093906093905895e-08 0.000000000000000000e+00
1.908091908091908032e-08 0.000000000000000000e+00
1.910089910089910169e-08 0.000000000000000000e+00
1.912087912087911975e-08 0.000000000000000000e+00
1.914085914085914112e-08 0.000000000000000000e+00
1.916083916083915918e-08 0.000000000000000000e+00
1.918081918081918055e-08 0.000000000000000000e+00
1.920079920079919861e-08 0.000000000000000000e+00
1.922077922077921998e-08 0.000000000000000000e+00
1.924075924075924135e-08 0.000000000000000000e+00
1.926073926073925941e-08 0.000000000000000000e+00
1.928071928071928078e-08 0.000000000000000000e+00
1.930069930069929884e-08 0.000000000000000000e+00
1.932067932067932020e-08 0.000000000000000000e+00
1.934065934065934157e-08 0.000000000000000000e+00
1.936063936063935963e-08 0.000000000000000000e+00
1.938061938061938100e-08 0.000000000000000000e+00
1.940059940059939906e-08 0.000000000000000000e+00
1.942057942057942043e-08 0.000000000000000000e+00
1.944055944055943849e-08 0.000000000000000000e+00
1.946053946053945986e-08 0.000000000000000000e+00
1.948051948051948123e-08 0.000000000000000000e+00
1.950049950049949929e-08 0.000000000000000000e+00
1.952047952047952066e-08 0.000000000000000000e+00
1.954045954045953872e-08 0.000000000000000000e+00
1.956043956043956009e-08 0.000000000000000000e+00
1.958041958041957815e-08 0.000000000000000000e+00
1.960039960039959951e-08 0.000000000000000000e+00
1.962037962037962088e-08 0.000000000000000000e+00
1.964035964035963894e-08 0.000000000000000000e+00
1.966033966033966031e-08 0.000000000000000000e+00
1.968031968031967837e-08 0.000000000000000000e+00
1.970029970029969974e-08 0.000000000000000000e+00
1.972027972027972111e-08 0.000000000000000000e+00
1.974025974025973917e-08 0.000000000000000000e+00
1.976023976023976054e-08 0.000000000000000000e+00
1.978021978021977860e-08 0.000000000000000000e+00
1.980019980019979997e-08 0.000000000000000000e+00
1.982017982017981803e-08 0.000000000000000000e+00
1.984015984015983939e-08 0.000000000000000000e+00
1.986013986013986076e-08 0.000000000000000000e+00
1.988011988011987882e-08 0.000000000000000000e+00
1.990009990009990019e-08 0.000000000000000000e+00
1.992007992007991825e-08 0.000000000000000000e+00
1.994005994005993962e-08 0.000000000000000000e+00
1.996003996003995768e-08 0.000000000000000000e+00
1.998001998001997905e-08 0.000000000000000000e+00
